Grafo: graph.500.04.dat
Vértices totales: 500
Aristas totales: 43219
Vértices tras filtrado: 386  (método: grado+triangulos, umbral de grado=75)
Tiempo de ejecución: 0.37s

Tamaño de la clique máxima encontrada: 9

Clique 1: [27, 72, 80, 215, 295, 375, 414, 446, 481]
Clique 2: [16, 64, 259, 291, 297, 328, 360, 400, 486]
Clique 3: [21, 127, 294, 333, 369, 398, 417, 422, 474]
Clique 4: [12, 159, 270, 275, 288, 294, 306, 322, 489]
Clique 5: [9, 40, 198, 260, 264, 288, 369, 421, 424]
Clique 6: [65, 156, 204, 318, 328, 348, 396, 409, 422]
Clique 7: [26, 29, 205, 228, 232, 267, 338, 376, 496]
Clique 8: [62, 144, 210, 242, 254, 269, 388, 477, 490]
Clique 9: [244, 302, 318, 328, 336, 355, 364, 409, 422]
Clique 10: [36, 44, 145, 183, 392, 410, 439, 463, 491]
Clique 11: [62, 89, 170, 180, 260, 356, 396, 446, 451]
Clique 12: [16, 52, 64, 259, 291, 328, 360, 400, 486]
