Grafo: graph.800.03.dat
Vértices totales: 800
Aristas totales: 72869
Vértices tras filtrado: 612  (método: grado+triangulos, umbral de grado=75)
Tiempo de ejecución: 0.66s

Tamaño de la clique máxima encontrada: 7

Clique 1: [62, 247, 304, 505, 560, 589, 725]
Clique 2: [4, 365, 410, 430, 466, 491, 660]
Clique 3: [15, 97, 118, 432, 451, 650, 772]
Clique 4: [129, 153, 395, 506, 508, 580, 651]
Clique 5: [141, 245, 255, 622, 641, 755, 797]
Clique 6: [186, 300, 326, 369, 378, 518, 791]
Clique 7: [4, 304, 365, 410, 430, 466, 491]
Clique 8: [2, 177, 244, 301, 573, 600, 614]
Clique 9: [38, 50, 360, 442, 483, 642, 792]
Clique 10: [105, 117, 127, 352, 705, 728, 741]
Clique 11: [181, 282, 320, 358, 408, 586, 742]
Clique 12: [85, 210, 238, 300, 422, 726, 771]
Clique 13: [23, 27, 320, 443, 468, 565, 764]
Clique 14: [169, 289, 326, 386, 606, 628, 657]
Clique 15: [19, 37, 112, 327, 438, 518, 686]
Clique 16: [97, 169, 322, 324, 432, 772, 775]
Clique 17: [2, 56, 90, 301, 512, 514, 735]
Clique 18: [146, 407, 459, 527, 539, 690, 783]
Clique 19: [10, 39, 353, 501, 522, 637, 738]
Clique 20: [43, 131, 228, 637, 697, 726, 754]
Clique 21: [152, 276, 304, 317, 430, 466, 491]
Clique 22: [112, 146, 383, 506, 586, 660, 725]
Clique 23: [84, 551, 631, 634, 695, 752, 794]
Clique 24: [19, 106, 295, 371, 638, 650, 659]
Clique 25: [75, 203, 320, 347, 364, 397, 733]
Clique 26: [61, 65, 530, 557, 578, 614, 665]
Clique 27: [72, 269, 422, 433, 455, 725, 746]
Clique 28: [11, 141, 142, 249, 255, 318, 627]
Clique 29: [270, 271, 453, 461, 541, 627, 793]
Clique 30: [37, 62, 78, 241, 440, 645, 730]
Clique 31: [20, 43, 190, 191, 285, 292, 487]
Clique 32: [14, 23, 159, 177, 189, 203, 231]
Clique 33: [10, 118, 154, 207, 267, 332, 708]
Clique 34: [15, 51, 451, 578, 607, 611, 614]
Clique 35: [260, 298, 300, 383, 573, 618, 720]
Clique 36: [89, 248, 249, 432, 627, 646, 757]
Clique 37: [146, 404, 407, 459, 527, 539, 783]
Clique 38: [28, 98, 207, 250, 474, 590, 606]
Clique 39: [37, 249, 257, 419, 537, 589, 725]
Clique 40: [14, 176, 189, 331, 458, 565, 607]
Clique 41: [20, 97, 122, 155, 451, 566, 610]
Clique 42: [76, 332, 517, 690, 737, 788, 793]
Clique 43: [28, 137, 264, 268, 416, 568, 701]
Clique 44: [110, 213, 320, 324, 468, 710, 796]
Clique 45: [80, 109, 217, 353, 645, 653, 701]
Clique 46: [20, 43, 191, 285, 292, 487, 783]
Clique 47: [61, 127, 507, 539, 620, 690, 783]
Clique 48: [163, 285, 551, 695, 697, 702, 794]
Clique 49: [215, 225, 245, 249, 251, 265, 731]
Clique 50: [117, 451, 464, 559, 731, 747, 787]
Clique 51: [80, 209, 353, 455, 701, 716, 799]
Clique 52: [37, 144, 145, 390, 484, 618, 747]
Clique 53: [13, 38, 230, 346, 471, 648, 659]
Clique 54: [94, 105, 182, 189, 253, 627, 787]
Clique 55: [0, 103, 250, 432, 527, 596, 771]
Clique 56: [39, 353, 359, 516, 539, 582, 633]
Clique 57: [5, 87, 113, 142, 304, 307, 670]
Clique 58: [30, 176, 188, 277, 345, 401, 490]
